7 functions
Duration: 1958.086917ms
Duration: 1530.3016249999998ms
